
# FICCC CTBF Weekly Newsletter 

### 地点：


- Zoom meeting starts at **7 pm on Friday:**
		
		Password：123

		Topic: CTBF Fellowship
		Time: This is a recurring meeting Meet anytime
		
		Join Zoom Meeting
		https://cornell.zoom.us/j/620081704
		
		Meeting ID: 620 081 704
		One tap mobile
		+16465189805,,620081704# US (New York)
		+16468769923,,620081704# US (New York)
		
		Dial by your location
		        +1 646 518 9805 US (New York)
		        +1 646 876 9923 US (New York)
		        +1 312 626 6799 US (Chicago)
		        +1 470 250 9358 US (Atlanta)
		        +1 470 381 2552 US (Atlanta)
		        +1 786 635 1003 US (Miami)
		        +1 971 247 1195 US (Portland)
		        +1 253 215 8782 US
		        +1 301 715 8592 US
		        +1 346 248 7799 US (Houston)
		        +1 602 753 0140 US (Phoenix)
		        +1 651 372 8299 US
		        +1 669 219 2599 US (San Jose)
		        +1 669 900 6833 US (San Jose)
		        +1 720 928 9299 US (Denver)
		Meeting ID: 620 081 704
		Find your local number: https://cornell.zoom.us/u/acrSGY6Jfw
		
		Join by SIP
		620081704@zoomcrc.com
		
		Join by H.323
		162.255.37.11 (US West)
		162.255.36.11 (US East)
		221.122.88.195 (China)
		115.114.131.7 (India Mumbai)
		115.114.115.7 (India Hyderabad)
		213.19.144.110 (EMEA)
		103.122.166.55 (Australia)
		209.9.211.110 (Hong Kong)
		64.211.144.160 (Brazil)
		69.174.57.160 (Canada)
		207.226.132.110 (Japan)
		Meeting ID: 620 081 704
		
		Join by Skype for Business
		https://cornell.zoom.us/skype/620081704

<!--
# Prayer meeting:
	
** Monthly prayer meeting at 7:30 pm on Wednesday （10/21/2020）:**



Join Zoom Meeting
https://cornell.zoom.us/j/97742522979?pwd=S1dwQUk2QTk0NGIySHRVMTA4L2JTUT09

Meeting ID: 977 4252 2979
Passcode: 123
One tap mobile
+16468769923,,97742522979# US (New York)
+16465189805,,97742522979# US (New York)

Dial by your location
        +1 646 876 9923 US (New York)
        +1 646 518 9805 US (New York)
        +1 470 381 2552 US (Atlanta)
        +1 651 372 8299 US (St. Paul)
        +1 786 635 1003 US (Miami)
        +1 301 715 8592 US (Germantown)
        +1 312 626 6799 US (Chicago)
        +1 470 250 9358 US (Atlanta)
        +1 669 900 6833 US (San Jose)
        +1 720 928 9299 US (Denver)
        +1 971 247 1195 US (Portland)
        +1 253 215 8782 US (Tacoma)
        +1 346 248 7799 US (Houston)
        +1 602 753 0140 US (Phoenix)
        +1 669 219 2599 US (San Jose)
Meeting ID: 977 4252 2979
Find your local number: https://cornell.zoom.us/u/atfiiyOJ

Join by SIP
97742522979@zoomcrc.com

Join by H.323
162.255.37.11 (US West)
162.255.36.11 (US East)
115.114.131.7 (India Mumbai)
115.114.115.7 (India Hyderabad)
213.19.144.110 (Amsterdam Netherlands)
213.244.140.110 (Germany)
103.122.166.55 (Australia)
149.137.40.110 (Singapore)
64.211.144.160 (Brazil)
69.174.57.160 (Canada)
207.226.132.110 (Japan)
Meeting ID: 977 4252 2979
Passcode: 123

Join by Skype for Business
https://cornell.zoom.us/skype/97742522979

-->




# 周日成人中文敬拜      
ZOOM ID: 6119089970     
pwd: 2020

# 周日成人主日学          
ZOOM ID: 4219657175      
pwd: 2021
	
# 周日慕道友学习班      
ZOOM ID: 97631455460   
pwd: 407479

# 周日儿童主日学： 

幼儿班  10:45      15min       895315967

K-G2      11:00      30min       3131606302

G3-5      11:00      30min       8627729998
pwd 2020
